C:/Users/Jon/Documents/GitHub/ubertool_src/REST/REST_local/vvwm_rest/test

1
True
200,,,
21,,,
25,,,
75,,,
25,,,
2.0,,,
40,,,
,,,
100,,,
25,
,,,
311,,,
8e-8,,,
3.3,,,
0,0,
0,0,
0,0,
0,0,
0,0,
0,0,



2
CAlettuceSTD
C:/Users/Jon/Documents/GitHub/ubertool_src/REST/REST_local/vvwm_rest/test.dvf
0

False




1e-8
0.5
0.05
0.5
1.35
0.04
5
0.006
1.19
30
0.005
0.04
5
0.4
False


30
152,517,882,1248,1613,1978,2343,2709,3074,3439,3804,4170,4535,4900,5265,5631,5996,6361,6726,7092,7457,7822,8187,8553,8918,9283,9648,10014,10379,10744,
2
100000
10000
2
2
0.056,0.056,0.056,0.056,0.056,0.056,0.056,0.056,0.056,0.056,0.056,0.056,0.056,0.056,0.056,0.056,0.056,0.056,0.056,0.056,0.056,0.056,0.056,0.056,0.056,0.056,0.056,0.056,0.056,0.056,
0