   Pesticide Root Zone Model (PRZM)
        PRZM 5 December 2012

     For technical support contact:
            Dirk F. Young 
       Office of Pesticide Programs 
 United States Environmental Protection Agency
       Washington, DC 20460-0001
       E-mail: young.dirk@epa.gov

 Record A1
 Met File:test.dvf
 Start Date =            1           1          61
 Record A2:  PRZM Output Time Series File
 Time Series:test.zts
 Record A3:  PRZM Options
 FLAG1, FLAG2,FLAG3,FLAG4,calibrationFlag,status =  T T T T F           0
 Record 1
 PFAC,SFAC,ANETD,INICRP,status =   0.79000002       0.0000000       17.500000               1           0
 Record 2
 Record 3
 Record 4
 Record 5
 Record 6
 Record 7
 Record 8
 Record 9
 Record 10
 (CN_2(KM,I),I=1,NUSLEC(KM)) =           89          89          89          89          89          89          94          94          94          94          94          94          94          94          94          94          94          94          94          94          94          94          94          94          94          94
 Record 11
 Record 12
 Record 13 Flags
 ITFLAG=           0
 Record 18
           5
 Record 19  Soil Parameters
           1   10.000000             100   0.0000000       1.5750000      0.29499999      0.29499999      0.17000000      0.72500002    
 Record 19  Soil Parameters
           2   22.000000              11   0.0000000       1.5750000      0.29499999      0.29499999      0.17000000      0.72500002    
 Record 19  Soil Parameters
           3   40.000000               8   0.0000000       1.4750000      0.34700000      0.34700000      0.24200000      5.79999983E-02
 Record 19  Soil Parameters
           4   77.000000              77   0.0000000       1.7250000      0.22400001      0.22400001      0.13900000      5.79999983E-02
 Record 19  Soil Parameters
           5   22.000000              11   0.0000000       1.7500000      0.21400000      0.21400000      8.90000015E-02  5.79999983E-02
 Record 20  PRZM5 runoff extraction parameters
   2.0000000       1.5500000      0.26600000    
 Record 21  PRZM5 erosion extraction parameters
  0.10000000       0.0000000    
 Record C1
 NAPS,NCHEM=          60           1
 Record C2
          16           2          61           2   4.0000000       1.1200000      0.94999999      5.00000007E-02
           9           3          61           2   4.0000000       1.1200000      0.94999999      5.00000007E-02
          16           2          62           2   4.0000000       1.1200000      0.94999999      5.00000007E-02
           9           3          62           2   4.0000000       1.1200000      0.94999999      5.00000007E-02
          16           2          63           2   4.0000000       1.1200000      0.94999999      5.00000007E-02
           9           3          63           2   4.0000000       1.1200000      0.94999999      5.00000007E-02
          16           2          64           2   4.0000000       1.1200000      0.94999999      5.00000007E-02
           9           3          64           2   4.0000000       1.1200000      0.94999999      5.00000007E-02
          16           2          65           2   4.0000000       1.1200000      0.94999999      5.00000007E-02
           9           3          65           2   4.0000000       1.1200000      0.94999999      5.00000007E-02
          16           2          66           2   4.0000000       1.1200000      0.94999999      5.00000007E-02
           9           3          66           2   4.0000000       1.1200000      0.94999999      5.00000007E-02
          16           2          67           2   4.0000000       1.1200000      0.94999999      5.00000007E-02
           9           3          67           2   4.0000000       1.1200000      0.94999999      5.00000007E-02
          16           2          68           2   4.0000000       1.1200000      0.94999999      5.00000007E-02
           9           3          68           2   4.0000000       1.1200000      0.94999999      5.00000007E-02
          16           2          69           2   4.0000000       1.1200000      0.94999999      5.00000007E-02
           9           3          69           2   4.0000000       1.1200000      0.94999999      5.00000007E-02
          16           2          70           2   4.0000000       1.1200000      0.94999999      5.00000007E-02
           9           3          70           2   4.0000000       1.1200000      0.94999999      5.00000007E-02
          16           2          71           2   4.0000000       1.1200000      0.94999999      5.00000007E-02
           9           3          71           2   4.0000000       1.1200000      0.94999999      5.00000007E-02
          16           2          72           2   4.0000000       1.1200000      0.94999999      5.00000007E-02
           9           3          72           2   4.0000000       1.1200000      0.94999999      5.00000007E-02
          16           2          73           2   4.0000000       1.1200000      0.94999999      5.00000007E-02
           9           3          73           2   4.0000000       1.1200000      0.94999999      5.00000007E-02
          16           2          74           2   4.0000000       1.1200000      0.94999999      5.00000007E-02
           9           3          74           2   4.0000000       1.1200000      0.94999999      5.00000007E-02
          16           2          75           2   4.0000000       1.1200000      0.94999999      5.00000007E-02
           9           3          75           2   4.0000000       1.1200000      0.94999999      5.00000007E-02
          16           2          76           2   4.0000000       1.1200000      0.94999999      5.00000007E-02
           9           3          76           2   4.0000000       1.1200000      0.94999999      5.00000007E-02
          16           2          77           2   4.0000000       1.1200000      0.94999999      5.00000007E-02
           9           3          77           2   4.0000000       1.1200000      0.94999999      5.00000007E-02
          16           2          78           2   4.0000000       1.1200000      0.94999999      5.00000007E-02
           9           3          78           2   4.0000000       1.1200000      0.94999999      5.00000007E-02
          16           2          79           2   4.0000000       1.1200000      0.94999999      5.00000007E-02
           9           3          79           2   4.0000000       1.1200000      0.94999999      5.00000007E-02
          16           2          80           2   4.0000000       1.1200000      0.94999999      5.00000007E-02
           9           3          80           2   4.0000000       1.1200000      0.94999999      5.00000007E-02
          16           2          81           2   4.0000000       1.1200000      0.94999999      5.00000007E-02
           9           3          81           2   4.0000000       1.1200000      0.94999999      5.00000007E-02
          16           2          82           2   4.0000000       1.1200000      0.94999999      5.00000007E-02
           9           3          82           2   4.0000000       1.1200000      0.94999999      5.00000007E-02
          16           2          83           2   4.0000000       1.1200000      0.94999999      5.00000007E-02
           9           3          83           2   4.0000000       1.1200000      0.94999999      5.00000007E-02
          16           2          84           2   4.0000000       1.1200000      0.94999999      5.00000007E-02
           9           3          84           2   4.0000000       1.1200000      0.94999999      5.00000007E-02
          16           2          85           2   4.0000000       1.1200000      0.94999999      5.00000007E-02
           9           3          85           2   4.0000000       1.1200000      0.94999999      5.00000007E-02
          16           2          86           2   4.0000000       1.1200000      0.94999999      5.00000007E-02
           9           3          86           2   4.0000000       1.1200000      0.94999999      5.00000007E-02
          16           2          87           2   4.0000000       1.1200000      0.94999999      5.00000007E-02
           9           3          87           2   4.0000000       1.1200000      0.94999999      5.00000007E-02
          16           2          88           2   4.0000000       1.1200000      0.94999999      5.00000007E-02
           9           3          88           2   4.0000000       1.1200000      0.94999999      5.00000007E-02
          16           2          89           2   4.0000000       1.1200000      0.94999999      5.00000007E-02
           9           3          89           2   4.0000000       1.1200000      0.94999999      5.00000007E-02
          16           2          90           2   4.0000000       1.1200000      0.94999999      5.00000007E-02
           9           3          90           2   4.0000000       1.1200000      0.94999999      5.00000007E-02
 Record C3
   0.0000000               1   0.0000000               2           0
 Record C4
 PLVKRT(K),PLDKRT(K),FEXTRC(K)=   0.0000000      1.57531817E-02  0.50000000    
 Record C6
   0.0000000       0.0000000               0
 Record C7  Kd
   1.4500000    
 Record C7  Kd
   1.4500000    
 Record C7  Kd
  0.11600000    
 Record C7  Kd
  0.11600000    
 Record C7  Kd
  0.11600000    
 Record C8 Degradation Rates
  6.93139993E-03  6.93139993E-03   0.0000000    
 Record C8 Degradation Rates
  6.93139993E-03  6.93139993E-03   0.0000000    
 Record C8 Degradation Rates
  6.93139993E-03  6.93139993E-03   0.0000000    
 Record C8 Degradation Rates
  6.93139993E-03  6.93139993E-03   0.0000000    
 Record C8 Degradation Rates
  6.93139993E-03  6.93139993E-03   0.0000000    
 Record C9
  0.69999999      0.80000001       0.0000000    
 Record C9
  0.69999999      0.80000001       0.0000000    
 Record C9
  0.69999999      0.80000001       0.0000000    
 Record C9
  0.69999999      0.80000001       0.0000000    
 Record C9
  0.69999999      0.80000001       0.0000000    
 Record U1
          12
 Record U2
 RUNF0TSER           0           0   1.0000000    
 Record U2
 ESLS0TSER           0           0   1.0000000    
 Record U2
 RFLX1TSER           0           0   1.0000000    
 Record U2
 EFLX1TSER           0           0   1.0000000    
 Record U2
 TPST0TSER           1           1   1.0000000    
 Record U2
 TPST0TSER           2           2   1.0000000    
 Record U2
 TPST0TSER           3           3   1.0000000    
 Record U2
 TPST0TSER           4           4   1.0000000    
 Record U2
 TPST0TSER           5           5   1.0000000    
 Record U2
 TPST0TSER           1          30   1.0000000    
 Record U2
 IRRG0TSER           0           0   1.0000000    
 Record U2
 PRCP0TSER           0           0   1.0000000    
 End of record reading
 Total days =        10957
 PRZM5 program normal completion.
