0000080000050704
0000110000074884
0000120000075274
0000130000075694
0000140000075718
0000150000075456
0000180008049998
0000180068512890
0000230000057501
0001010000079141
0001020001932509
0001030002836320
0001040000133426
0001040000526954
0001050014906979
0001110007429905
0001520009002884
0001530008050337
0001690000628637
0001740000137166
0001770000067685
0002030010101414
0002070000110270
0002080000142916
0002090000112107
0002980000814802
0003150000119619
0003250220899036
0003520012124979
0004010000091496
0004390070592802
0005010008048520
0005860149877418
0005950000079210
0005950007722841
0005960010102440
0006010000107131
0006110068911499
0006600000058082
0006690008002560
0006690008006824
0006910000131577
0006920365400119
0007010000107028
0007110071317732
0008030435327063
0009050068439576
0010010000828002
0015010000064175
0015020000078922
0015030000060128
0015040053466890
0015050000075650
0015060026468791
0015070000078831
0015080036653824
0015090000112538
0015100000112721
0017020039652341
0020010001399708
0022010000062599
0022010000071625
0022010008051023
0022020041710207
0023010000124878
0023010017617457
0023010021416535
0040010000584792
0040030000584792
0040030028057489
0040040028434006
0040050000584792
0040050042534612
0040050051344606
0040060072963725
0040070000584792
0040490000080717
0040520000097110
0041000047117168
0041010051344606
0041150010543574
0042010002026246
0042020035109570
0042030051344628
0042040053404276
0042050000107153
0042060001446613
0042070053494589
0042080000102716
0042090000122203
0042100003424213
0042110053404925
0042120053404254
0042130053466801
0042140013952846
0042150000077985
0043010008007703
0044010000061825
0045010000086884
0048010008023845
0049010000057067
0051000150114719
0051010001918021
0051020006753475
0051030026952205
0051040002545600
0051050035832112
0051070109293983
0051080109293972
0051100858956328
0052090566191897
0052100946578003
0052190566191875
0053010001336216
0053020007664417
0055010007773060
0055500181587019
0056010007783202
0056020007778189
0056030007778805
0056040007757826
0056050007646937
0058010000124685
0060000001338029
0060010000494520
0060010013078041
0061010065996910
0061540009004346
0061540009012195
0061540009037507
0061540009076306
0061540012656529
0061540039394439
0061540051395767
0061540058968675
0061540061991217
0061540061991228
0061540067016755
0061540067016766
0061540068073052
0061540070225795
0061540074623168
0061540075398833
0061540077907701
0061540084503753
0061540089468666
0061540099331825
0061540152231691
0061540189398865
0061540209533959
0061540324745495
0061540358787629
0062000000868144
0062010028300745
0062020005035585
0063000001338029
0063010000057625
0063020001405874
0063030001404042
0063040000079572
0063050001406117
0063060000057921
0063070000064755
0063080002058460
0063090001405896
0063100000298395
0063100003810740
0063110001404882
0063120000050237
0063130001405103
0063140001397940
0063150016079882
0063160011005097
0063170000077485
0063190000058275
0063200003688731
0063210007179502
0063220000126067
0063240001403663
0063250001405410
0063260002079007
0063290057960197
0063990068038711
0064000068038711
0064010068038711
0064020068038711
0064030068038711
0064040023526025
0064050068038711
0064110068602937
0064210067892357
0064410068583324
0064770151438549
0065010068477316
0065220068038711
0065230068038711
0065240068038711
0066010068602802
0066020064742945
0066420068038711
0066990068038711
0068010007778394
0068020001303282
0069010001303339
0069010001303340
0069010012044790
0069010012344682
0069010012612214
0069010056320220
0069020001313822
0069020001344087
0069020016721805
0070010001327533
0071010000637036
0074010000103333
0074510066603109
0074930068582990
0075010000513779
0075020007727437
0077030063837332
0080010001332407
0081010001332032
0081010001332145
0081010001333228
0081010001344736
0081010008011630
0081020055072576
0086010000100527
0087010007726956
0087020000079083
0087030005137360
0087040004189473
0087050001715408
0087060002104963
0087070002491385
0087080000075627
0087100005437456
0088010000071432
0089010000608731
0090010000058899
0091010000065850
0091020000136447
0091020029593086
0091030000532321
0091040000077065
0091040000088824
0091050017601499
0091060003734336
0091190000101860
0092010053404583
0092020000120785
0092350001309484
0095010000120514
0095020000100516
0096010000144627
0096020001186498
0096030001113388
0096040000062760
0097010002478219
0098010000741582
0099010007745893
0100010004617178
0100020000112561
0101010000301111
0103010000135193
0105010000115322
0107010000555895
0108010008001852
0109010000057578
0110010010043353
0110010011113501
0110020001303862
0111010013701592
0111020001303964
0111030012280034
0111040007775191
0111050010332339
0111060007281041
0111070012008412
0111080010486007
0111090012046092
0111100012179043
0111110011130124
0111120001330434
0111190001319331
0111390000420042
0112760000118605
0112880027194747
0112890068795697
0112900027215389
0112910026402222
0112920026402266
0113010000096128
0113020002425663
0113320120962030
0114010064742161
0114020009003285
0114020009003296
0114030009003274
0114700000062544
0114710055774328
0114720163041949
0115010000111762
0115020000112345
0115040000111900
0115080000112287
0115080020324327
0115080034590948
0115130055934935
0115240068990830
0115500042822866
0116010000141435
0117010001113140
0118010000314421
0119010009003138
0120010000555373
0121010000299865
0122010000485314
0123010000314409
0123020053404196
0123030069484124
0123040069484135
0123050067306007
0124010002665136
0124020008063896
0124020014697508
0124030002665136
0124030008063896
0124030014697508
0125010000075605
0125010059164680
0125020000124652
0125020059164680
0125030069484146
0126010000058366
0126020004095458
0127010005902512
0128010335104842
0129010000513780
0129020010108642
0129030004476044
0129040000141004
0129050010124364
0131010000056257
0132010012040583
0133010013464443
0134010013464421
0135010007778441
0135020001327317
0135030007784409
0135030053404129
0135040010103501
0135050013464385
0135060007784385
0135070016486456
0135070017367565
0135070026273994
0136010013462936
0136020053404594
0136030007784465
0136040028837970
0136050010124502
0136050013464352
0138010000126943
0138020000144218
0138020005967624
0138030002163806
0138040006379379
0138050053404470
0138060005902954
0138070005902976
0138080002321531
0138090006423729
0139010007446700
0139020007786303
0139030007758023
0139040007447407
0139050007647145
0139060010043013
0139070007647156
0139080007789380
0140010000156627
0140020000420042
0140180958647104
0140190111988499
0145010005895181
0145020003566107
0145030000142596
0145040008018017
0145050012427382
0145060012122677
0145070022221143
0146010009006422
0147010007778543
0147020013840330
0147030007681529
0156010008008513
0156020000076222
0156030008006802
0156040000104461
0158010007786347
0158020000298011
0158030000338454
0158040317815831
0160010007440440
0163300348635870
0163310609346294
0164010000075150
0164800068038700
0165010000056235
0165020008003063
0165030053908273
0166010000124389
0170010000084628
0170020000092524
0172010000127593
0172030000106478
0172040053404652
0172050053404663
0173010002307495
0173020000050317
0173030003426628
0173040001344327
0173050002078424
0173060007122647
0173070001338325
0174010000103173
0174020007082997
0174030007047281
0175010000057158
0176010000101279
0177030067601063
0177030067601109
0177040067601109
0178010001336363
0178020061788338
0178030012767792
0179010004080313
0179020051229788
0180010000532274
0181010000999815
0182010013171216
0183010000101213
0184010001319864
0185010004104147
0189860352010685
0190010000083421
0191010001912249
0191010001918167
0192010000094815
0192020006062266
0193010000093710
0194010000122883
0194020053404232
0200010005324221
0201010000080386
0202010000080331
0203010008029296
0204010008001501
0205010007782505
0205020007758192
0205030010049044
0205040013863417
0207010000067663
0208010003569571
0209010002307688
0209210007149793
0210030001344747
0210040022323451
0210060012001206
0211010001333820
0211010007738945
0211020001066304
0211030001308389
0212010000101100
0212020053404221
0212030005825876
0215010005826733
0218010000077929
0218020007632500
0219010008000291
0220010008052424
0220020008052424
0220030008007452
0221010001319773
0221010065996852
0221020000108394
0221040000499752
0221050000128370
0221060068127344
0221070031291595
0224010010290127
0225010007440508
0226010012002038
0227020016828958
0227030033113085
0227520015627095
0228010010103614
0228020039290852
0229010001184641
0229010012069691
0229020010103487
0230010012379429
0231020001338029
0231030061789228
0231040009007390
0232010022221121
0233010010248552
0233020016039524
0233030007721155
0233030053404083
0233040001120441
0233050000814915
0233060020543048
0234010020427592
0235010001332656
0235020001336158
0235030008012699
0235040012158973
0235040082010795
0237010010125130
0238010005328041
0238020001344678
0238020007447394
0240010000130267
0240020010380286
0240030000083738
0240040012379463
0240050013978853
0243010001344725
0244010007758998
0244020010257542
0244030000083738
0244030082027596
0244040050376915
0244050000527093
0244050000866820
0244050010402150
0244060054453031
0244070013426910
0244080007758987
0244090014215522
0248750283594901
0250000000120729
0250010065996783
0250010065996829
0250020008021394
0250030061789284
0250040008001589
0250050000090051
0250060008002651
0250070947173775
0251010061789513
0255010001982474
0256010001317391
0256020001111677
0258010000506774
0259010000110827
0259020000108941
0259030053535356
0259040000108930
0261010002759719
0262010113136779
0268010005836102
0273010002675776
0274010001194656
0274020002008584
0274120239110157
0275010002227170
0275020000077474
0276010004776061
0276020272451657
0277010000143500
0278010000520456
0278020004418262
0279010000101202
0279020099485764
0280000158474727
0280010000084742
0280020000131113
0281000039924522
0281010000088868
0281020028283898
0282010000709988
0284010000299854
0285000006921171
0285010000118525
0285020113796466
0286010000097176
0287010000136254
0288010000510156
0288020018181801
0288270008008999
0288270084775597
0288280688046619
0288530068647734
0288690361377299
0289010000075990
0289020000127208
0289030029110223
0289040083542874
0289050020849074
0289050083542885
0289600134509561
0289621192047236
0289631192047270
0289740084087489
0290000888042384
0290010000078875
0290010000542756
0290020000078875
0290020000542756
0290030008003198
0290040008066011
0290880000624920
0291010000072548
0292010000050293
0293010022232162
0295010000111444
0295020001191179
0296010000117806
0297010000594729
0298001286239222
0298010001918009
0298020002300665
0298030025059783
0298040053404287
0298050053404298
0298060001982690
0298070008068777
0298080008073538
0299010000133904
0299020001076466
0299030025182030
0299040053404163
0299050007286842
0299060001954810
0300010000094757
0300020003766276
0300030014214892
0300040002702729
0300050002307553
0300110002212546
0300120053404061
0300130028685189
0300140137335707
0300150053404334
0300160005742198
0300170020940378
0300180053404356
0300190002008391
0300200053535367
0300210003599584
0300220025178205
0300230037102639
0300240006365726
0300250005742176
0300260053404389
0300270051173638
0300280006365737
0300290002212591
0300300002212535
0300310002388401
0300320054325994
0300330002569019
0300340002646788
0300350018584797
0300350032341803
0300360006416735
0300380053404345
0300390055256321
0300390555256321
0300400042751791
0300510001917926
0300520001928570
0300530001929733
0300540053404016
0300550001928456
0300560000094804
0300570053535298
0300580053404367
0300590053467053
0300600000533233
0300610001929733
0300620001713151
0300630001928434
0300640025168267
0300640053404378
0300650001917971
0300660000094111
0300670001928387
0300680053404027
0300690053467111
0300700053467122
0300710053466776
0300720001320189
0300730053466787
0300740015146993
0300750053535287
0300760003966118
0300770008015358
0300780039277479
0300790051839282
0300800055617555
0300810055617566
0300900129630199
0300910129630177
0305010000094746
0305020003653483
0305030005221169
0305100006365624
0305110020405190
0305120042459687
0305130042459698
0305140042459701
0305150042459712
0305160002039465
0305530019480434
0305560001713128
0305620001713117
0305630026544207
0305640029450451
0305660002698400
0306010000149268
0306020000136787
0306030000094837
0307010005333993
0307020000132661
0307030000132672
0307040008075578
0307050059915536
0308010000094826
0308020000056122
0308030195251344
0308040010433597
0308190002758421
0308530032357463
0308560006753248
0308630001320156
0309010000085723
0310010000097165
0311010000080068
0311090001777828
0312010000094848
0312020006361586
0312030039420343
0313010000099309
0314010000120365
0314020015165670
0314030104786870
0314160084731668
0314190053404323
0314330053404481
0314530053404312
0314630028631358
0314640079270783
0314650865363399
0315010000093652
0315010007085190
0315030001929868
0315120053404618
0315160001432140
0315160005742198
0315190032351705
0315200066423094
0315630028473032
0316010008006540
0316020008001294
0316030008001261
0316040008001783
0316050008001227
0316060063393931
0316070061790816
0316080008001794
0316090008001692
0316100008001250
0316110066071338
0316120068213536
0317010022256719
0317020000112801
0317030000544605
0317040000143191
0318010084776330
0318020063718650
0320010000475263
0321010000072560
0322010000085007
0322020002764729
0322030078403233
0323010004271276
0324010000297972
0324020007359559
0325010000298044
0326010002164092
0327010000115902
0339010000123422
0340010000072435
0341010000070382
0342010000140567
0344010000300765
0345010000500287
0345020002463845
0345030005826766
0346010022232208
0347020017084025
0348010014484641
0348020015339363
0348030000128030
0348040000128041
0348050000137304
0348050000155044
0348060016509798
0348070003304970
0348080015415642
0349010007705080
0349020010028225
0349030010045860
0350010000060515
0350020001113026
0351010001596845
0351020003006153
0352010000141662
0353000042922747
0353010001689845
0353020001689992
0353020056634958
0353030003861414
0354000108175151
0355000001319966
0355010000150685
0355020000140410
0355030002164172
0355040002163691
0355040002164172
0355050000330541
0355060000330552
0355070000101428
0355080004482557
0355090001982496
0355100007159991
0355110000684935
0356010003064708
0356020000533744
0356030021564170
0356040029803574
0356040030388013
0356050020679587
0356060005395506
0356070053404607
0356080016008314
0356090016008325
0356100037301443
0356110016794120
0357010000126227
0358010018530568
0359010003060897
0360000000131726
0360010039300453
0360020049794903
0360030049794914
0360050023960078
0360050023960078  
0360070069770452
0360100067891887
0360110013822805
0361010001582098
0362000000654660
0362010000088302
0365010000056724
0366010000957517
0366020374726622
0366030173662970
0366290145451076
0375010000131895
0375020000317839
0375030000119277
0375040004097363
0375050000088857
0375060006420479
0375070000534521
0375080002312767
0375090000051285
0375100000148016
0375110008048122
0375120035040030
0375130006365839
0375140053404436
0376010004726141
0378010000078342
0379010000086293
0380010000083590
0382010001836755
0385010000122394
0387010008063852
0387010053537614
0388010001918112
0389010000145733
0389020002536267
0389030000129679
0389040002164070
0389040002818168
0389050066330889
0389060002536278
0389080017439940
0389090026648011
0389100006385600
0389110059985421
0390010000095067
0390020000137417
0390030000137428
0391010000060004
0391020000135375
0391030017421793
0391040000093629
0391050012276016
0391060005064313
0391070000064028
0391080000150390
0391090000139899
0391100000150389
0391110007379273
0391110053404516
0391120053404527
0391130017572973
0391140074988173
0391150000139333
0391160053404505
0391160063517715
0391170002554054
0391170007379262
0391170015934017
0391170020824560
0391180005964352
0391200000140012
0391200007578430
0391210053404549
0391220000139413
0391220017123432
0391230038011255
0392010002385855
0393010007491205
0393020007491216
0393030001920054
0395010000492808
0395020000548629
0395030000548629
0395030008004873
0395030053466674
0395040000569642
0395050000061734
0405000008022159
0405010008022966
0405020008007021
0405030008000484
0405040008008988
0405050008000279
0405060000104552
0405070008007203
0405080008002162
0405090008007441
0405100005392405
0405110000122974
0405120000104541
0405130000702238
0405140001963366
0405150000135773
0405160014371109
0405170008008579
0405180008020197
0405190008014297
0405200008006788
0405220129828246
0409010019897440
0410010000094962
0410020000144194
0410030000115844
0411010013194484
0412010022221109
0412020053404243
0412030000136538
0412040088859943
0412050084082939
0412110072915823
0412120053988060
0412210084082882
0412220030304304
0413010001134232
0414010000759944
0414020002212671
0414030001114712
0414040001929777
0414050002008415
0414150015263522
0415010004665558
0415020000109626
0415030000107277
0415040022232286
0415050002235258
0415060000517168
0415070002597924
0415080000151382
0416010000072208
0417010000944229
0418010002104645
0419010000074851
0420010000107040
0420020000106934
0420030000107062
0420040000075092
0420050000078886
0421010053404492
0422010002514536
0422020000109864
0422030000107211
0422040000111773
0422050000107880
0423010000075218
0424010001317380
0424020012168206
0424030082010820
0425010000075569
0430010000050000
0430020030525894
0430030082010831
0431020000109944
0433010000098011
0433020000126158
0434010000066819
0435010000094622
0436010000556229
0436020013470503
0436030000105282
0436040012379474
0437010000116165
0438010000077065
0438010000088824
0438020000125677
0438030006550863
0438030083542772
0439010000111308
0439010007420895
0440010000064197
0440020000142712
0440020004180125
0440030000141786
0440040003305008
0440050010402150
0440060000127093
0440070000108247
0440080000126965
0441010000067641
0441020000112129
0441030000078933
0441040000563804
0441050000108101
0441070000108838
0442010000315184
0442020003766812
0443010002439103
0443020019727174
0443030000112652
0443030013590971
0443090205510925
0443090210880925
0443120165252700
0444010002032599
0445000136426545
0445010120928098
0445020189278124
0445021135442748
0446090013146844
0448010000076448
0448020003734494
0449010000070304
0449020005736152
0449030003247345
0449040067923620
0449050060874897
0450010000060571
0451010000309002
0452010000067721
0453010002597935
0453020005902794
0454010025447954
0455010000100970
0455020000056951
0455030000111013
0455040018472510
0456010007664393
0458010000074908
0459010007647010
0459510007697372
0460010012379667
0460020053466936
0460030053466958
0460100067891887
0462010009004620
0463010003547339
0464010008029683
0465010017781316
0466010061791397
0466040012379407
0466050027136738
0466070053466925
0466080053466823
0466090061791397
0466110053466914
0466120030968435
0466140068309342
0466150053404118
0466160068527991
0466170053466925
0466180082078986
0466190013470503
0466200082010739
0466210061791524
0466220076461104
0466790161326347
0467010000133324
0468010000532343
0469010068610004
0469020007782685
0469030011096427
0469030035860867
0469040026617878
0469050007553562
0469080000513928
0469090026617878
0469100053404403
0469110053404050
0469120010034852
0469140025655418
0469150053404049
0469170012298689
0469190053404812
0469200053467019
0469210068439474
0469220082010773
0469230007097601
0469240082010751
0469270082010762
0470890000124765
0471010000115311
0472010000136458
0474010000078591
0475010000067630
0475020000071238
0476010000122429
0477010000107368
0477020053404641
0477030000142154
0478010000064006
0478020000114261
0480000010099748
0480010000301042
0480020001317368
0480030053466663
0480040061790145
0488010000532343
0504100318290981
0505010053433026
0505020007782630
0505030007487889
0505040033271657
0505050010101970
0505060010045893
0505070017375416
0505080007786814
0505090007783859
0511010006915157
0511020007681938
0512010000110178
0515010000123331
0515020005716154
0515030028382152
0515040071203195
0515051048373723
0516010001490046
0517010000149304
0517020005468439
0517030005406973
0517040002492264
0517050000137304
0517050000155044
0517060005902852
0517070007778703
0517080053404538
0517090053404936
0519000000094439
0519010053466981
0519020000086851
0519030000108076
0519040003626139
0519050002597957
0519060001184572
0519070002597979
0519080005903106
0519090000502396
0520010007487947
0520020053433015
0520030007774290
0521010001336965
0521020021908532
0521030014024556
0521040001600277
0521050001191806
0521060000588669
0521070007783337
0521080032535845
0522010010112911
0523010007439976
0524010000141797
0526010030284787
0526020001300341
0526020017140737
0526020052486789
0526030005722598
0526040053404550
0529010000079390
0529020009003014
0530010000108623
0530010009002919
0531010000142905
0532000024959679
0532010000074839
0532020000074873
0532030008004099
0533010000055389
0533020000119120
0535010000298000
0535020000950356
0537010000107313
0538010000067561
0540010067674151
0540010068516201
0540010068919175
0540020001321944
0540020028804888
0541010002439012
0547010000110918
0547020005625901
0548020082010808
0549010003380345
0550010000097234
0550020002642822
0550030022232253
0550040001940438
0550050010254485
0550060068957700
0551010000097007
0551020000606213
0552010000117180
0554590124495187
0554590878790591
0555010000091532
0555020000109842
0555030000134509
0556010000120230
0556020010042714
0557010000483636
0558010000091203
0558020000571584
0558030024157811
0559010000119642
0560010000086862
0560020000086873
0560030015165794
0560040025545895
0560050000085085
0560060000085074
0560070000061314
0560080002122705
0560110075497926
0563010000100027
0563020000705602
0565010000098953
0565020000082688
0565020002593159
0565030003101799
0565040000108907
0566010008027007
0566020000117260
0566030000117271
0567010000059676
0567020000054115
0567030000065305
0567040008037192
0567040084961660
0568010000063252
0569010000609314
0569020000609314
0569020057249191
0570010000113484
0571010000120627
0571020038827666
0572010000298022
0573010003734972
0573020000078535
0574010000056382
0575010000056382
0575030000056382
0576010008065483
0576020000298033
0576030000126750
0577010000121755
0577020026087478
0578010000072435
0578010000333415
0578010059928802
0578020018854018
0578100000051525
0579010000052686
0580010000086500
0580020002642719
0581010000953173
0581020000786196
0582010000057749
0582020012789036
0583010000299843
0584010000563122
0584020017356422
0585010000297789
0586010000152169
0587010008022002
0587020000301122
0587030000867276
0587040002674911
0588010007700176
0588020003567257
0589010006923224
0589020000919448
0590010003383968
0590020017210558
0591010002921882
0591020005598130
0592010000732116
0592020003735339
0593010000672048
0593020002282340
0593030008065369
0594010000095501
0595010000115935
0596010000919766
0597010006164983
0597020019750959
0598010007091578
0598020000134305
0598030000148243
0598040000134316
0598050000106514
0599010000052857
0599020000960258
0601010000148798
0601020028558329
0601090153719234
0601870000087990
0605010000080002
0610010000118741
0611010000634662
0611010053466721
0612010000099763
0612020000120478
0612030000094133
0612040035285699
0612050000094268
0612060083542692
0612070005026620
0612080040167951
0614020135158542
0615010000106467
0616010000085007
0616010000122349
0616010001910425
0616010039312806
0616020002074502
0616030004685147
0621490003260853
0621500000140670
0621900001570645
0622010000120321
0622020035471499
0622030003184654
0622040000095578
0622050035535810
0622060000092046
0622070018128160
0622080000607125
0622080001331460
0622090053404210
0622100000085972
0622110018128171
0622120010605104
0622130010605115
0622140053537636
0622150031366979
0622160053537625
0622170001331460
0625010000140578
0630010000087854
0630010000087865
0630020007978736
0630030000131522
0630040025167833
0630050025567559
0630060137543705
0630070053535276
0630080002917320
0630100003772949
0630110015773350
0631010012408194
0631020053626281
0632010000079210
0632010007722841
0632090033734575
0633010000138932
0634010008070471
0635010008008206
0635020008012951
0635020064741884
0635020064741895
0635020064742569
0635020064742650
0635030008002059
0635030008006619
0635030064741884
0635030064741895
0635030064741975
0635030064742547
0635030064742558
0635030064742887
0635030064742898
0635040008052413
0635050068476302
0635050068476802
0635060008032324
0635070000056815
0635080061789364
0635100008042475
0635110070892103
0635120068476313
0635130068553004
0635140068476346
0635150094114586
0636010013445493
0636020007727211
0636030007775271
0636040010058238
0636050068439703
0636050068609938
0636060001313606
0636070037222665
0636070070693628
0636080015075851
0637010014700266
0637020013760297
0638010012379485
0639010000578949
0640010000108952
0640020000139026
0641010000080466
0641020001333397
0641030000090437
0641040000132274
0641070082010740
0641080013707658
0641090053404710
0641100053403988
0641110053404185
0641120031366957
0641130000098544
0641140003130298
0641150005787508
0641160052704980
0641170003645612
0641180027193288
0641180067554501
0641190000087263
0642010000097187
0642020013347427
0642030006385586
0642040035471433
0642050015733229
0642060000059507
0642070015733229
0642080004418660
0642090000097245
0642100000095954
0642110053404834
0642120000088062
0642130030143227
0642140035471386
0642150053404301
0642160005335240
0642170000136323
0642180053404209
0642190002591211
0642200003784030
0642210000136243
0643010000262204
0645010000092842
0646010019651913
0650010006531868
0650020001444640
0660010027236653
0660020018467884
0660030000062384
0660030018467884
0660040053404674
0660050006273990
0660060053404696
0660070000100561
0660080032407991
0660090005980825
0660100022894479
0660110000100572
0660120000122645
0660130005822979
0660140053404709
0660150031632685
0660160000055685
0660160014354564
0660170014354564
0660180000103275
0660190028086137
0660200016751556
0660210023319666
0660220000104609
0660230053404685
0660240013302006
0660250013864385
0660280067891945
0665000007803512
0665010020859738
0665020007723140
0665030001305993
0665040012057748
0670010001330161
0670020008002093
0670030000098555
0670030000138874
0670030000586812
0670030008000417
0670040000080568
0670050008000417
0670060000118343
0672000061789911
0672020008002297
0672030008013103
0672040008011481
0672050008002093
0672050091995594
0672060008011481
0672060091722337
0672070008016362
0672080008050097
0672090008007474
0672100000076493
0672110008002264
0672120084603690
0672180000076493
0673000002372829
0673010061791637
0673020061791648
0673030061790601
0673050061791580
0673060068911784
0673070068188294
0673090068155431
0673100068155373
0673110061791671
0673120068526658
0673130061791648
0673140061791637
0673160083542863
0673170068155373
0673170068439714
0673200068155066
0673200071786602
0673220061791148
0673240005082699
0673250005587111
0673260068910930
0673270068856304
0673290061790576
0674010000142643
0674020014859122
0674030000099003
0675010000051036
0677000080483892
0677010000082666
0677020000083283
0677030000083261
0677040006120203
0677050042721993
0677060023710761
0677070003691358
0677080053404721
0677090053404572
0677100173584446
0678010000077496
0678020000597091
0680010006860102
0680020000590283
0681010000765151
0681020006317186
0681030000556616
0681040014150711
0681050007048262
0681060024689892
0682000001762954
0682010000333200
0682020000540727
0682030001701935
0683000050512351
0683010007789006
0683020007778509
0683030007775113
0683040010588019
0683050007789095
0683060007789120
0684010000107186
0684020000869294
0684030010519332
0685010007722647
0686010000107415
0686020025322694
0686030000057556
0686040025265718
0687010000106967
0687020000107197
0687020000707197
0688010005281130
0689010013108526
0690000008003347
0690010008003347
0690020008003347
0690030007696120
0690050026002802
0690050026046855
0690050051186880
0690060000121299
0690070068648442
0690080000121211
0690090025402066
0690100000121200
0690110004466142
0690120001172630
0690370003391864
0690380003687487
0690520000097110
0690590001432753
0690950112025602
0691000015716026
0691010010450698
0691020006458135
0691040053516760
0691050005538943
0691050032426112
0691050068424851
0691060008001545
0691060116958806
0691070000139082
0691080000122189
0691090008045225
0691100008023538
0691110008045214
0691120053516759
0691130000078217
0691130010096647
0691130061791342
0691150053466685
0691160071820387
0691170000057090
0691180000140727
0691190073049759
0691200068002595
0691220000121540
0691230000139071
0691230007281041
0691240000139071
0691250001330854
0691260012379510
0691280022232264
0691290001399800
0691300000093232
0691310006272748
0691320014351441
0691330000112027
0691330071808543
0691340025155184
0691350037335685
0691350071808543
0691360061789773
0691360073398648
0691370068424851
0691380061789773
0691390068002619
0691400061789717
0691410068424851
0691420068424851
0691430063449412
0691430068391015
0691450068989026
0691460068527844
0691470061791342
0691480061789682
0691490007173515
0691500061789819
0691500061791819
0691510068002620
0691520091745527
0691530001119977
0691540085409230
0691550053466878
0691560000124038
0691570068424851
0691580000139082
0691580068424851
0691590000100958
0691600000123035
0691610068424851
0691620068038711
0691630068391037
0691640000121540
0691650032426112
0691660005538943
0691670068956796
0691690068391015
0691700032426101
0691710068989015
0691710137951758
0691720030901678
0691730068607283
0691750068391015
0691760061789773
0691770068910565
0691790068140001
0691800068989026
0691810019379909
0691820092129287
0691830031512740
0691840000139082
0691840068391015
0691840068424851
0691850068002620
0691850068391037
0691860134595543
0691870000078217
0691890068391015
0691900010361167
0691910068425478
0691920134058541
0691940068424851
0691950068391015
0691960068989026
0691960092129287
0691970068002631
0691990068424851
0692000000139082
0692000027479283
0692000055963069
0692010000504245
0692020000110861
0692030001929824
0692040001121762
0692050068391117
0692060004684940
0692070138698369
0692080148788550
0692080148812651
0692090068207001
0692100068038711
0695010001334776
0695020001334754
0696010001698608
0697010010102906
0704010068213263
0705820010124375
0707010000404864
0707010019408845
0707010028789357
0707020000458888
0707040008023776
0707050119515387
0707060019408845
0707070028789357
0707090002444464
0708010000507608
0708020011003706
0710020006659456
0710030000083794
0714010000108463
0714020006565704
0714030000136776
0715010015662336
0715020015662336
0715030131341861
0720010007782492
0720020013410010
0720030007488564
0724010008008740
0725000014701214
0725010007440224
0725020007775419
0725030007761888
0725050024927671
0725060007783906
0725070000563633
0725080032449926
0725090000534167
0725100007784090
0725110010294265
0725120012258229
0725600265647118
0726010001343880
0726020007631869
0726020063231674
0726030001344098
0726040006834920
0726050007631869
0726050061790532
0726060001312761
0726060001312818
0726070001344952
0726070010101390
0726070012168853
0727010053404005
0732010007681381
0733010007775099
0733020010137743
0733030003811049
0734010001066337
0735010000506876
0735020000471341
0735030000546930
0735040000584087
0735050000144558
0735060000497198
0735070000533960
0735080000298146
0740010000592018
0740020000143339
0740020000592018
0747010006012971
0747510001081341
0747520330459319
0748010000078488
0749010000150505
0750010000144490
0750020000640197
0750030000062748
0750040029457725
0751010015096523
0752010001333831
0752020007681494
0752030007789299
0753010016919190
0753020017125803
0753030016961834
0753040016949658
0753050016961834
0753060016893859
0753070016871719
0753080053404776
0753090012062247
0753100001327431
0753110062449698
0756010001305620
0756020001310583
0756030001310732
0756040001305788
0756050010043524
0757010007681110
0757020007681825
0757030007758056
0757040013455248
0759010000110441
0759020000590001
0759020024634615
0759030013932133
0760010001314563
0760010007664382
0760020010294561
0761010006484522
0761020003251238
0761030007757791
0761040007631994
0762010013446485
0762020013780068
0762030007758090
0762040007632000
0763010000140932
0764010007758874
0764010010103465
0764020010124568
0764030007558794
0764040007758294
0764050007722885
0764060007601549
0764070007778532
0764080007320345
0764090007558807
0764100053404458
0764110053404787
0764120013845368
0764130007778770
0764150010028247
0764160013492267
0764160013977656
0765010000127526
0765020000127651
0766010000119368
0766020000069727
0766030000118569
0766040000104289
0767010009080175
0767020001344816
0767030037199669
0767040050864670
0768010007646880
0768020003974990
0769010000057249
0769020000060413
0770010009010699
0770020000557051
0771010007673098
0772010000080137
0772020008494891
0772020024894891
0773010000128096
0774010001420048
0774020000087127
0774030001154592
0774040000087105
0774050000087127
0774050002577722
0774060004638486
0774070000087172
0775010007704349
0776010007446095
0777010004075814
0777020000079094
0777030000137406
0777040000123626
0777050000106310
0777060001729675
0777070008068631
0778010002226882
0778020000141037
0779010000059405
0779020000063741
0779030000072140
0779040000144809
0780010007664939
0780020007791255
0780030002699798
0780380056578188
0781010005329146
0782010007631905
0782020007775146
0782030007757837
0782030010579836
0784010000776192
0785010000127184
0785020001401554
0785020073891880
0786010000079345
0787010001861321
0787020002136790
0788010002303164
0788020002303175
0788030017708575
0788040017708586
0789010000054648
0789010000137268
0789020000148618
0789030007283412
0789040030776591
0789050123343168
0789060125401925
0790010053404152
0790020007575624
0790030005136516
0790030025167322
0790040009004879
0790050009016459
0790060068425445
0790080027177771
0790090061789319
0790090067701104
0790090090990140
0790100025155300
0790110000151213
0790120061789626
0790130061790190
0790140008002333
0790150026545539
0790160026836077
0790170003097083
0790180000120401
0790190001300727
0790200027323417
0790210010124659
0790210061789308
0790210067701091
0790220013429271
0790230007492300
0790240030346737
0790250002717159
0790260000629254
0790270000112389
0790270000577117
0790270001639663
0790280002235543
0790290068603156
0790300026264051
0790310030526228
0790320053467133
0790330009003398
0790340067762394
0790350068608264
0790360068140001
0790370000111875
0790380000112301
0790390005138523
0790400068154698
0790410000577117
0790420014826949
0790430002224499
0790440041669403
0790450000120401
0790450007545235
0790450097926108
0790460000139968
0790470000111273
0790490004485125
0790500067919464
0790510012068030
0790520105726678
0790530027987004
0790540009004824
0790540042504278
0790550003700592
0790560067762418
0790570028675118
0790580000104154
0790590085566127
0790600039354740
0790620000088619
0790620053467133
0790630001984061
0790640068443050
0790650053404038
0790660053404447
0790660067785937
0790670026635756
0790680000137202
0790690005451638
0790700000822162
0790710050291242
0790720026248248
0790730009005087
0790740009005645
0790750037232023
0790750053466710
0790760001322936
0790770000142870
0790780002272119
0790790031756975
0790800016830403
0790810053467008
0790820000057114
0790840068131408
0790850061931768
0790860009005656
0790870026856611
0790880001322981
0790890068603156
0790900001314234
0790910029593086
0790920036445713
0790930008043445
0790930068187768
0790940026635927
0790950000143180
0790960025496724
0790970061791080
0790980000104767
0790990000136265
0791000009036195
0791010003244904
0791060068391015
0792010002227136
0792020000116290
0793010000118752
0794010000115297
0794020000959988
0794030033213659
0794040001031078
0795000006485401
0795010003689245
0796010000107493
0797010000138863
0797020000096082
0797060000099865
0798010000137268
0800010007446186
0801010010124411
0801020010233008
0801030007783188
0801040007772987
0802010000062566
0802510080060099
0803010000134623
0803010084603690
0803020658066354
0804010022228053
0804020000089838
0804030000089689
0804040012379452
0805010008001352
0806010000108883
0808010000834128
0808020001610179
0808030001912249
0808040001610180
0808050007287196
0808060000580483
0808070000122349
0808070001910425
0808070039312806
0808080000139402
0808080051218452
0808090001912261
0808100001014693
0808110000101053
0808120003004704
0808130000886500
0808140005915413
0808150022936750
0808160008070766
0808170039312806
0808180730979198
0808180730979325
0808180950782862
0809010000115786
0810000071133147
0810010000650511
0810020000076039
0810030016094023
0810040005278955
0810050000075967
0811010000120821
0812010000071556
0812020000079016
0812030000079005
0813010000133062
0814010002782572
0814020000108805
0814030002244215
0814040002893789
0814050000087901
0814060030622378
0814070051580860
0814080000056359
0814080006317186
0814080076397814
0815000024959679
0815010000076062
0815020037287233
0816010000133073
0817010002939802
0817020002425061
0818010001861445
0819010001897456
0820010000093765
0820040013560991
0820110053404845
0820120053404856
0820130053535378
0820190006369977
0820200053404890
0820290053404878
0820340002008460
0820370053404889
0820380053404867
0820390055256332
0820510000120398
0820520001928581
0820530002545597
0820550001928489
0820560000093798
0820570053535312
0820620004938721
0820630001928478
0820640069462120
0820660000093787
0820720002545597
0820730053466867
0820740068332796
0820750053535323
0820770055491333
0820780002630162
0825010000093721
0825030002818168
0825040037913896
0825160051170593
0825180053404094
0825190055617851
0825210007374472
0825240053404130
0825310053404732
0825330017369890
0825340053404743
0825350053404754
0825520019398131
0825530019398131
0825550025537262
0825570053535265
0825630053404765
0825640053404107
0825650053404141
0825720025537262
0825730053466845
0825740053535301
0825750053535301
0825760053404072
0825770083562667
0825780032534955
0825830122008859
0826010000085347
0826020002439001
0826030002903642
0826040053404914
0826050069462131
0826060053404903
0827010000845523
0828010000603338
0828020000594309
0829010007779273
0830010000056359
0831010012379543
0831020022330149
0831030004644966
0831040004419221
0831050000056360
0831060004342363
0831070001461229
0831080056573854
0831090024124252
0831100053466856
0831110028801696
0831120001983104
0831130004808304
0831140013387912
0831140026239645
0831150053404823
0831160022330149
0831170007437356
0831180004027183
0831190026354187
0831200002155706
0831210013331527
0831220004342307
0831230000683181
0832010001067294
0832020004154352
0833010004719044
0834010001330785
0835010000112276
0836010000076879
0836020000379522
0837010000961115
0837020022248799
0837030022350761
0839010000077861
0839020000126114
0840010000062737
0841010000270906
0841010000470906
0842010000122101
0843010001861401
0844010000093754
0845010008006642
0845010009005907
0845020008050075
0845030009004539
0846010001918189
0847010000082688
0847010002593159
0849010001757182
0850010015457053
0855010000112389
0856010141776321
0856510120116883
0857010000097596
0857020000057136
0857030001317255
0857050003135748
0857120000330950
0860010000117522
0860020000081812
0860030000129066
0860040034490932
0860050002610868
0862010000991424
0865010000502556
0865020000140896
0865030000090471
0865030000140896
0868000000095476
0868010000088040
0868020001330207
0868030064742956
0868030068920069
0868040000105679
0868040001300716
0868050001300716
0878010007646857
0878020000557415
0880010014915378
0880020013463417
0880030013463417
0880040003811732
0880040015922788
0880050033079082
0880060003696284
0881010001162067
0883010012001853
0884070005466773
0885010020427581
0885020001314132
0885030068989173
0886010001314847
0890010007733020
0890020000127822
0890530091125438
0891010068813945
0900880403640277
0900980736994631
0900980937279544
0900990447399555
0901000500008457
0901010000644644
0901020119168773
0901030051596113
0901040051596102
0901090473798593
0901101228284647
0901110000129558
0901110129558765
090111129558
0901120183675823
0902010005234684
0902020005259881
0902050162650773
0902090126833178
0903010016752775
0903010027519024
0903050063428820
0904010001079330
0904210163269305
0905010015972608
0905020000087627
0906010001563662
0906020055285148
0907010013360457
0970010000094097
0970020000071636
0970020001339931
0970030003478942
0970040008047152
0970050000136470
0970060000135239
0970940404589237
0970950068990670
0971010000075285
0972010000106898
0973010023422539
0974010004849325
0975010004528374
0975010024353773
0975010024353784
0975010024353795
0975010026896208
0975010029662906
0975020027253298
0975030050315145
0975040039049042
0976010001942718
0976010002312358
0977010002310170
0978010010453868
0978020028434017
0978030058769203
0978040035764591
0978050052918635
0978050066841256
0979010000094597
0980010000109660
0980020027176870
0981010001249849
0982010005251796
0983010000116063
0983590140923177
0983790177406687
0984010000548629
0985010007784250
0986010000099263
0987010013684565
0987010013684634
0987010026225796
0988010002536314
0988010037339610
0988020001216440
0988030021634968
0988040000123331
0988040037339610
0988040076930444
0989010002634335
0989020002527664
0989510004299074
0990010034375285
0990500135410207
0991000175013180
0991010017804352
0991020052316559
0992010003347226
0993010001332214
0994010009000753
0995010008001396
0996010009004700
0997010008002242
0998010016672870
0999010026530201
1000010034256923
1000530068876777
1000540068876777
1001010021725462
1001030001332587
1001040001332587
1001230001344009
1001370066071963
1001620068909206
1001720001309371
1001990066105291
1002010033820530
1002470005870939
1002490494793678
1003010000950378
1004010022936863
1005010002032657
1006010022224926
1006280068131124
1006700053651697
1006720186817801
1007010000110667
1008010002224444
1008020001854235
1008030037304884
1008950000811972
1009010002173560
1010000018472872
1010010020018126
1010020020018091
1011010021087649
1011020057052047
1011030123312890
1012010010265926
1013010053404629
1014010007166190
1015010022228826
1015020000079312
1016010013121705
1017010023950585
1017020156052685
1018010010222012
1018020005221170
1018030073003802
1019010026635938
1019010061789682
1019020061789682
1019020067905866
1020010023564058
1020020064491743
1021010001754581
1022010009000286
1023010029091052
1024000012407862
1024010002686999
1024020002655154
1025010010311849
1026010000122703
1027010000097530
1028010038827359
1028010085847730
1028020002808868
1028020013108979
1028020060613174
1028020085847730
1029010051026289
1030010015299997
1031010003737415
1032010027519024
1032020035857626
1033010030560191
1034010023564069
1035010005598527
1036010038641940
1036020002439998
1036030034494036
1036030070393850
1036040114370148
1036050040465767
1036070069254406
1036080034494047
1036130070901121
1036130070901201
1036690000107437
1036790214710346
1037010002941551
1037020008071407
1038010023135220
1039010001310732
1039010050723803
1039010072178020
1040010052299204
1041010069462142
1042010019044883
1043010042576023
1044010004147517
1045010053558251
1046010013356086
1046010013556086
1047010051543987
1048010013684565
1049010002597037
1050010013071799
1051010051609520
1051200095046405
1052010022781233
1053010000075912
1054010040596698
1054020065733166
1055010034014181
1056010025254506
1057010038827315
1058010027314132
1059010000122145
1060010020354261
1061010023103982
1062010033089611
1063010005131248
1064010043222486
1064020049866877
1065010033629479
1066010026399360
1067010025954136
1068010051350846
1069010003337711
1069020002302172
1069030014089431
1070010059720422
1070020006542376
1070030056709138
1070040107497961
1070910153233911
1071010057373190
1071020057373203
1071030026172554
1071040002682204
1071050055965872
1071060055965849
1071070082633792
1072010051235042
1074010027668526
1074030199111507
1074090041591871
1075010042588374
1075020065733202
1076010068187633
1077010026628228
1077020020762601
1078010055406536
1079010026644462
1080010037924133
1081010023505411
1081020029232937
1081030036378617
1082010035367385
1082020071422678
1082030101463698
1082090213464778
1083010007681654
1083030007758896
1084010028249776
1085010040487421
1086010012771685
1087010033245395
1087020422556089
1088000087392129
1088010051218452
1088030117337196
1088530188489078
1089010009004993
1089010069653709
1090010019666309
1090810015302917
1091010024307264
1091050245735904
1092010039196184
1093010051630581
1093020069409945
1093020102851069
1093030066230044
1093030066323044
1093040066267774
1094010025311711
1095010002832191
1095090000103902
1096010052508357
1097010052645531
1097020052315078
1097040066841245
1097050075867004
1097090240494706
1098010036734197
1099010043121433
1100010002312734
1100020069152461
1100030131929607
1100030131929630
1100030168316958
1100040131929630
1100080187166401
1100090187166150
1100290147858262
1101010032889488
1102010029091212
1103010002650182
1103010003844459
1103020001934210
1103030092170508
1104010031717870
1105010005853521
1106010026225796
1107010036756793
1108010001646884
1108020001646873
1109010040843252
1109020051338273
1110010035691657
1111010063114772
1112010083588447
1112860001070037
1114010035400432
1114010041198087
1114090007681574
1115010035400432
1116010042874033
1117010057011173
1118010032289580
1118020027083278
1118110021923239
1118120077503287
1118130077503298
1118140060238564
1118150059010865
1119010035554440
1119020058594722
1120010028772567
1121010029973135
1123010023184669
1124000030820225
1124010026532229
1124010026532230
1124010026532241
1124020026532230
1124030026532252
1124040026532241
1124050011104055
1125010068479776
1125020021564170
1125020068479776
1125020079910320
1126000127277536
1126010055635137
1126020095266403
1126030012002538
1127010056073100
1128010051528031
1128020063333357
1129000059756604
1130010034681237
1131010055283686
1132010050471448
1132020131807573
1133010021548323
1135010057837191
1135020070630170
1135030069516343
1135090052304366
113510009824398243-5
1136010031218834
1137010070017560
1138010039785814
1139010016227104
1139610178928706
1140010053780340
1140020053780362
1140030083601836
1140040129909906
1140090181274179
1141010053042798
1141020051607944
1141020052207995
1141030050933330
1143010029804226
1144010050594666
1144020062476599
1144030077207013
1144040050594677
1145010059669260
1146010057063293
1147010040777331
1148010051200874
1148010075673437
1148020075673437
1148030051200874
1148030075673437
1148030081099367
1148040066204442
1148040066204442 
1149010034911461
1150010062732916
1151010008061527
1154010000072333
1155010006440580
1155020000116256
1155020027636824
1156010054460467
1157010000133539
1158010000121335
1158090000122032
1158690018031408
1159010055511983
1160010055335063
1160020057213691
1160040064700567
1161010053983009
1162010000593500
1163010028730178
1164010006381777
1164010007378236
1165010064726916
1166010056717114
1168000009034406
1168010000525791
1168010001214397
1168010050868581
1168020000525791
1168030050868581
1169000000069896
1169010001214397
1169020008030533
1169030053663711
1171010000096242
1172010053120277
1172020053120266
1172030031654770
1172410066410240
1172420086252655
1172440123551473
1173010060263889
1174010057754855
1174030001702176
1174040119308917
1174080150114719
1174230058509834
1175010943831989
1176010063333357
1177010016974122
1177020029868164
1177030038421908
1178010055179312
1179010008007872
1180010059014038
1181010014979396
1181020060018975
1182000144171619
1182010064628440
1182020086479063
1182030372137354
1182040121451023
1182050103055078
1183010070124775
1184010067485294
1185010004175477
1186010064902723
1186020122548338
1188310068359375
1189010055290647
1189800026532956
1190010083588436
1190020081052291
1190040035148197
1190090290332104
1190110104040780
1190160068049832
1190310219714962
1190460066423050
1190930122454299
1191010061019781
1192010067892346
1192020067892313
1192100865318974
1193010024579735
1193020025606411
1194010056218792
1194090035153152
1195010053905387
1196010061516685
1198010143447727
1199010056073075
1200000030562095
1200010053939278
1200010053939289
1200020053939278
1200030053939289
1200040053939278
1200050056683546
1200060056797401
1200070056219046
1200080000629801
1200090000124254
1200100070892205
1200100084776238
1200110035237640
1200510163515148
1202010041814782
1203010051707552
1204010000443481
1205010060207934
1205030116255482
1206030112281773
1207010062441547
1207590118134308
1209010016423680
1209020015905325
1210000087820880
1210010074051802
1210050149979419
1210070139001493
1210110099129212
1210260112226616
1210270161050584
1211010061444620
1212010028401390
1212020012701723
1213010066215278
1214010024602866
1214020067306030
1214020067564914
1215010066841256
1216010034256821
1217000095507032
1217010000992201
1217010011141176
1217010108168769
1217020108189588
1218010070166482
1219010065954190
1219020065954190
1219020072269488
1219030142459583
1220010074222972
1220020074222972
1220020078794099
1220030144651069
1220040134605644
1220090208465218
1220100074223646
1220190181274157
1220200173159574
1220210144550367
1221010060207901
1221030000099876
1223010000104610
1223020000104676
1223040951659408
1223051072957711
1224010008016135
1225010030043493
1226010060568050
1227010000084651
1228040071751412
1228050069806504
1228060137512744
1228060155569918
1228090079241466
1228100079241477
1228110086334147
1229010002398961
1229900104206828
1230000141112290
1230010062924703
1230090210631688
1231010000050555
1232000009008224
1232010082560541
1233010039148248
1233600007217836
1233600052304071
1234010055195261
1237020097553907
1238020108731700
1238030072178020
1239010058138082
1239090106325080
1239090133855988
1240010035367318
1240020116714466
1241010042509808
1242010011084858
1242010056802994
1243010051487695
1246010052292178
1247010072542564
1248010061228920
1248510000180847
1248710148477718
1250010000109795
1251010000352932
1252010069806402
1252020069806344
1252030105511964
1252030105512069
1253010072490018
1253010079127803
1254010081777891
1255010074115245
1256010076738620
1256180125225287
1256190125116236
1256200131983727
1257010056425913
1258010055861784
1258510082558507
1259010000123353
1259010096444018
1260010000116041
1260010096398651
1261010041289081
1262010065691001
1263010052292178
1264010041294568
1265010000053418
1265100000053430
1267010077732093
1268010025059807
1269010042509808
1270010071626114
1271010025322683
1272010055219653
1273010000091645
1274010000544401
1275010003658773
1276000146955455
1276010000110930
1279010039515418
1279980000586845
1280000054664981
1280010040164678
1280020000638595
1280030146321326
1280080188425856
1280090083164334
1280160158062670
1281000112143825
1281010064359815
1281020064359804
1281111003318679
1282000283159900
1282010076578148
1282220084087332
1284010061213250
1284010061213590
1284010061213603
1285010081591813
1285550029873301
1286010077501907
1287010066441234
1287090100646513
1287110076578148
1287120128639021
1287210100784201
1287220023031369
1287240087546187
1287250000134203
1287260082697710
1287270026062793
1288000008006904
1288010072490018
1288040065195553
1288040065195564
1288040071751412
1288070076703623
1288100131860338
1288110000107642
1288190068157608
1288200083055996
1288210081334341
1288220066841256
1288230066063056
1288240081741288
1288250082657043
1288250083322025
1288260089415872
1288270008000780
1288280001424482
1288290081510830
1288300036476785
1288310068359375
1288320071134275
1288320092623864
1288340055512339
1288350085509199
1288370087813318
1288370087818313
1288380000078706
1288390000518478
1288400081335479
1288410069969626
1288420081405858
1288430069969228
1288440001085989
1288450079227273
1288450079277273
1288460083318767
1288470119446683
1288480081335377
1288490078587050
1288500077182822
1288510067747095
1288520075747772
1288530008002662
1288570088671890
1288580034643464
1288590012447619
1288590012767907
1288600015630894
1288610010361769
1288620084698588
1288630087500570
1288640095465999
1288640103735826
1288650057973667
1288670068085858
1288680031895224
1288690088283414
1288700012002516
1288710101929899
1288720010605217
1288730005454228
1288750000125122
1288760000124583
1288770077768582
1288780013462947
1288780053404174
1288780058829951
1288790068694111
1288800083055996
1288810115044194
1288820060207310
1288830064529562
1288860096686510
1288870101200480
1288880077501634
1288880081362494
1288880083513604
1288890076902904
1288960008038651
1288970091465086
1288980004948281
1288990001327442
1288990010043671
1289000013687097
1289010090982324
1289030067892346
1289040007345699
1289050057018049
1289060028079041
1289060038363290
1289060040642408
1289070038363290
1289080040642408
1289090007747355
1289100004602840
1289110007212444
1289120079538322
1289130052207995
1289140051607944
1289150000087514
1289160003572063
1289170000142621
1289180000143077
1289190000124072
1289200001689992
1289200056634958
1289210000461585
1289220081335775
1289230101917662
1289250079983714
1289260000473676
1289270020290997
1289280063449412
1289290000079334
1289300009012764
1289310104040791
1289320083657185
1289340007727379
1289350064742956
1289350065996794
1289380090640861
1289390065996932
1289400076674210
1289430104098488
1289430104098499
1289440055871028
1289450007440428
1289470000084662
1289480000124130
1289490000112549
1289500000066251
1289510000112312
1289520000112447
1289530032791314
1289550000334485
1289570061790441
1289580085977737
1289590069377817
1289600013637906
1289610021351393
1289620007727379
1289630036362091
1289640000094360
1289650080844071
1289660065733188
1289670104653341
1289680081406373
1289690082097505
1289710078491028
1289720070161443
1289730086209510
1289740084087014
1289750066332965
1289760083657221
1289780097676227
1289790000095749
1289800020711108
1289810078327329
1289820101917662
1289850082097505
1289860001196016
1289870060825276
1289880082925960
1289890089415463
1289890091112662
1289900100245656
1289910001398614
1289920004151502
1289930094361065
1289940097886458
1289950090338208
1289960028159980
1289970080443410
1289970107534963
1289980035950528
1289990066246886
1290010054573750
1290020126535157
1290030000541537
1290040016974111
1290050000098500
1290060054593838
1290080111991094
1290090122931480
1290110114369436
1290110119611006
1290120061789182
1290130039515407
1290140012125029
1290150007440666
1290160098967409
1290170000643798
1290180007447418
1290190033189729
1290200035153185
1290210034010156
1290220098886443
1290230062476599
1290230081335468
1290240122931480
1290250111578326
1290260112410238
1290270113036887
1290280033956499
1290290008007758
1290290068648339
1290300000127413
1290300008023889
1290300008053336
1290310094125345
1290320095737681
1290330000098862
1290340103361097
1290340141490508
1290350008021281
1290360072269488
1290370065954190
1290380053120277
1290390053120266
1290400018480530
1290410081334603
1290410104098488
1290430010007859
1290440032809168
1290450090823384
1290460016484778
1290470095266403
1290480083121180
1290490001192525
1290510087674688
1290520018794848
1290530007778667
1290540007790923
1290550007790934
1290560027519024
1290560067892131
1290570130328197
1290580055566308
1290590105827789
1290600054844654
1290610000050782
1290650051971676
1290670029804226
1290700034010214
1290700058594459
1290700060037583
1290710034010214
1290710058594459
1290710060037583
1290720034010214
1290720058594459
1290720060037583
1290740085264331
1290750000824395
1290750000824782
1290750067233856
1290760000824395
1290760000824782
1290760067233856
1290770000824395
1290770000824782
1290770067233856
1290790068649387
1290790120579320
1290800068649387
1290800120579320
1290810122836355
1290860068359375
1290860096182535
1290870002179579
1290880000629196
1290910097780068
1290920071283802
1290930122453730
1290940111578326
1290950009004324
1290960021962629
1290970001301968
1290970155645899
1290980079622596
1290990105827789
1290990138261413
1291000117718602
1291010027519024
1291010035575963
1291020131929607
1291030130328200
1291031303282000
1291040055720268
1291050096489713
1291060057966957
1291070010004441
1291080145701231
1291090016725534
1291110143390890
1291120141517217
1291130098319267
1291150120162552
1291160147150354
1291170066410284
1291180066410240
1291210120068373
1291220145701219
1291310134098616
1291410101007061
1291510003811492
1291610000122156
1291710001336216
1291710114311329
1291810090717036
1291820001698608
1291820090717036
1291820140611683
1292000117428225
1292220881685581
1292230874967676
1380090907204313
1388310400882077
1389760083657174
1391140015708415
1440220003025307
1475000243973208
1670040000106229
1691010068989026
1691030061791319
1691040022968849
1691050087175028
1691060068424851
1691070061789682
1691080061789717
1691090068155420
1691090068526761
1691100003282733
1691110068953582
1691120071011240
1691130029932852
1691140053404469
1691150053466903
1691160068989026
1691170063449412
1691190068391015
1691220068153333
1691240000112005
1691260061788996
1691280007006602
1691280091721812
1691310063393873
1691310068424942
1691310085736487
1691320068424920
1691330068607205
1691340000102307
1691350068424851
1691360073398648
1691370061791342
1691380007006602
1691390068989004
1691410070750479
1691450000122190
1691460068989026
1691470002315404
1691510061790418
1691540068961660
1691550125091045
1691560068989026
1691570068989004
1691580061790418
1691600068959206
1691610000111988
1764070007758114
1766010068917759
1766020008016840
1797000068917180
1797010005989275
1901160068584225
2020000000104541
2020000000104552
2020000001963366
2021000008066124
2022000003813056
2023000000075070
2024000000123386
2025000000123728
2026000004170303
2027000009003047
2028000001400619
2029000000050146
2029010000067970
2031000000116529
2032000002100427
2033000061887078
2034000039542660
2035000069653710
2036000001336363
2036010000092693
2036010029222397
2036010068334509
2036020000092933
2037000002701862
2038000005723626
2039000000093152
2041000001491414
2042000002703131
2043000013730988
2044000008003461
2046000000831765
2047000001124045
2048000005944661
2049000010310175
2049000014357825
2051000014143250
2052000006120101
2053000010309974
2054000004812208
2055000010389501
2056000010233940
2057000025625621
2058000022454928
2059000002635101
2061000005834968
2062000000108190
2063000002179251
2064000007379513
2065000000090153
2065010002797515
2066000060168889
2067000014763623
2069000006515384
2071000006814580
2072000003309873
2073000002425050
2074000005707697
2075000001746812
2075010069312670
2076000003766607
2078000001066519
2081000051707552
2082000003042840
2084000037407775
2085000028772567
2087000000067970
2091000057342026
2092000064165204
2092010057342026
2092010064165204
2092010065995371
2093000031366979
2094000052820005
2095000052341330
2096000067375308
2097000052918635
2097000120710238
2098000062476599
2099000036734197
2101000010042849
2101000015467206
2103000013358117
2104000067403003
2105000037574188
2105010083601814
2106000055290647
2107000041198087
2108000002312734
2111000003844459
2111050007632044
2112000001934210
2113000001563388
2114000017781156
2115000017781167
2116000016655826
2118000000088299
2121000063449412
2122000035367385
2123000002274740
2131000003204373
2132000003050279
2134000012680352
2135000082010751
2136000031717870
2137000005853521
2138000018472510
2139000003131086
2141000013347427
2143000068188294
2144000034462969
2145000004824786
2146000028772567
2148000061790576
2148010002016560
2149000000064186
2151000002921315
2151010156963665
2152000017172279
2153000004182449
2156000023560590
2157000005853521
2159000059756604
2162000018181801
2163000000095498
2164000000052517
2165000015545489
2166000005903060
2167000001081534
2168000031218834
2169000001646884
2171000000055561
2172000001321693
2172010000130143
2172020000532025
2173000013577714
2174000008008795
2174010084929340
2175000000112050
2177000035691657
2178000000050657
2178010000526181
2182000000051149
2183000029025670
2184000000070439
2185000035691657
2186000022205454
2187000008001318
2188000068568478
2188000068989026
2189000068989026
2191000000671045
2191000068989026
2192000023184669
2193000005998130
2195000035256850
2197000001193186
2198000005903071
2199000038527901
2201000000110645
2202000061791342
2202010061791126
2203000022232151
2205000034157487
2206000007149793
2207000008000348
2209000002832191
2211000035400432
2212000000136630
2214000004212935
2215000066159953
2216000026530096
2216010083542807
2217000130328186
2218000000112696
2218010000075503
2219000000124287
2223000070955134
2223010068439703
2225000068037934
2226010068391048
2231000026172554
2232000002682204
2233000034256821
2234000010605217
2235000013497502
2238000068155420
2238000068526761
2241000063284719
2242000000081823
2243000000127913
2244000000098555
2244590003100047
2245000068411303
2246000068603429
2247000029704469
2247000091002049
2249000000098113
2251000113036887
2252000007286693
2259000000107222
2261000039247966
2262000030894167
2265000003960052
2266000000156069
2267000000392121
2268000006440580
2272000019360022
2273000002861769
2274000053780362
2276000000059870
2276000000059881
2277000000067458
2277010008026651
2278000029973135
2281000041483436
2282000005221534
2283000003996596
2284000001420071
2285000006073729
2286000040318454
2287000000973217
2288000002212637
2289000023947606
2291000029672193
2292000003568567
2293000057063293
2300000146659781
2300010006980183
2300010019408469
2302000010537470
2303000002314092
2304000069815481
2305000019764433
2309000038827713
2312000016227104
2313000016227104
2333000000150130
2354000067989882
2355000312600898
2362000001306190
2372000001031476
2451000026628228
2512000012771685
2514000000062533
2522000000084548
2592000016118493
2612000009000048
2622000003337711
2623000002302172
2633000001912250
2633010004658280
2642000025991860
2643000017699148
2643000031141669
2663000055852841
2664000027983693
2672000003734950
2681000000302170
2681000000902170
2682000002636262
2683000000947024
2683100000950107
2684000013067931
2686000001593777
2686010031717870
2687000059145630
2688000110488705
2706000041495674
2712000000100889
2713000016102924
2714000002631370
2715000034849428
2716000042089032
2717000039794995
2718000013347427
2719000003282006
2720000021293298
2751000069327760
2752000025057890
2752000050723803
2753000015652387
2754000005251934
2782000024353580
2792000013684565
2793000035256861
2794000000079118
2795000038727558
2811000000495738
2812000061566210
2812500139968493
2812510139968493
2813000018691979
2814000001929880
2815000003134121
2816000025939053
2831000006004213
2833000000405301
2834000004430222
2835000028249776
2836000006392467
2837000035256861
2852000042576023
2853000000078579
2863000010222012
2872000013181174
2873000025671469
2874000004554169
2880080858956088
2880090858954833
2880100858956351
2880100858956351  
2881000022232015
2881000025671469
2882000000535897
2882010053112280
2882020121552612
2882030110235477
2883000023576230
2884000007287367
2885000029104301
2886000042874033
2887000051218452
2892000026389786
2912000024539660
2913000002655198
2922000002464371
2924000029450575
2932000037333407
2941000000090039
2942000000673041
2942090033693048
2943000001014706
2944000007411474
2945000002310170
2946000019937598
2951000007159344
2951010089445341
2951490179101816
2952000000117817
2952000000117840
2953000024934916
2954000030182242
2955000057373190
2956000057373203
2957000051630581
2958000076069380
2959000042509831
2961000005174323
2962000023121995
2963000052508357
2967000051630581
2971000036145081
2972000006814580
2981000003011890
2982000001966581
2982010062046371
2982020002328316
2983000042874011
2984000007076246
2986000042874011
2991000000328041
3012000001966581
3042000002693610
3043000026399360
3044000032889488
3062000002971906
3063000015595241
3063000063992314
3064000010331574
3065000021832257
3092000000731271
3093000000719960
3094000013738631
3095000001891958
3096000069622793
3097000018181709
3134000002668920
3142000051528031
3143000021267721
3144000003279467
3192000051338273
3193000007257412
3211000000097176
3222000002689432
3233000020354261
3238000001086028
3262000000076142
3263000001918134
3263500173980171
3272000003615212
3282000024201589
3285000051338273
3292000017824850
3313000026259450
3343000029232937
3344000000919540
3344010005969948
3344020005823132
3344030072348926
3344040002425254
3353000002275141
3355000000333404
3356000005131248
3382000000111466
3382000000111477
3398000069622828
3399000083562667
3401000002595542
3402000002497076
3402010002497065
3402020002588047
3402030002588036
3402040056070167
3402050010548104
3422000068511397
3432000022439403
3443000002275185
3444000019691806
3445000030087479
3446000024017478
3452000000572485
3501000020276839
3512000025316567
3524000006365942
3531000000572485
3532000001689834
3532010002961617
3533000002961628
3534000003861470
3552000003926623
3553000004312974
3561000000055914
3562000000330643
3563000000371868
3572000034689468
3592000003295781
3595000053404425
3596000007152809
3597000017702577
3612000026766278
3622000003735237
3632000043222486
3642000001468377
3643000026419738
3652000000329215
3653000067356529
3661000002674911
3662000000068122
3664000002540821
3682000069632935
3691000000682804
3692000002587908
3701000003254635
3711000000144412
3712000000551928
3731000000122145
3741000000368194
3742000000363279
3743000083542852
3743500000056860
3744000069632946
3745000069632957
3746000000823552
3747000006746425
3753000034484770
3791000037032158
3792000002275232
3802000022936750
3812000013593083
3814000013593038
3824000027954376
3831000021540352
3863000007159991
3871000053780340
3872000037758955
3903000002593104
3912000029091212
3913000069632979
3914000001918087
3915000069632980
3921000006988212
3921100007122045
3922000002600557
3922000061614628
3922010203313251
3923000000963224
3924000001594565
3931000006988212
3982000003570614
3995000000127639
4000000069188472
4000010000629992
4000020015689711
4000030022331493
4000040000630013
4012000015823559
4024000027041823
4082000006597780
4083000005834946
4133000006843976
4134000012068085
4173000001071836
4213000005915413
4221000002778043
4242000029804226
4243000057342026
4244000064165204
4253000000557302
4272000026225796
4273000026225796
4274000002669321
4275000038260547
4276000002544947
4277000006012846
4278000069632991
4301000083542669
4312000000116018
4313000029104301
4314000022212551
4315000025319908
4316000000097950
4316020000137326
4317000000088095
4325000003495429
4343000017109498
4352000061723817
4362000005836237
4372000005700492
4382000007097601
4412000001136841
4413000058842209
4422000000083329
4422000000083829
4423000007219785
4431000000115264
4441000005486033
4452000000149575
4462000021921960
4473000000107266
4474000013684441
4475000013457186
4475090002465590
4477000005840959
4531000041129106
4532000003568567
4534000039196184
4542000000333437
4543000040487421
4545000001776836
4562000000327980
4563000000640153
4565000015271417
4581000007055030
4591000083542830
4592000001424482
4593000001300783
4594000002782709
4602000033245395
4603000047000920
4622000004301502
4623000005405301
4652000022259309
4662000003878191
4663000017080023
4712000002439998
4713000001071836
4714000000126078
4741000001454859
4742000030968435
4743000020856579
4762000015879933
4772000002550756
4773000000594423
4782000003583639
4803000053042798
4804000052207995
4812000005782832
4813000022571079
4814000028805789
4815000002592623
4816000040217923
4817000003697425
4818000000093801
4819000069633041
4821000000106694
4827000003278464
4828000001970407
4829000020302549
4833000007076633
4846000041083118
4863000041096462
4863000065733188
4864000068309342
4873000004489310
4873000025316578
4883000069633052
4892000000109831
4922000003452979
4943000069653696
4946000042757926
4952000001491414
4961000005836293
4962000040596803
4963000023267585
4964000014332219
4965000000639587
4967000000900958
4969000000379522
4982000013516273
4983000001420060
4992000068187768
5007400008006904
5012000015310017
5036000051337714
5081000000108214
5092000000841065
5102000052756226
5102010052973678
5102010057973678
5102020052756259
5112000018181801
5113000005386572
5115000000119380
5122000034123596
5123000002631405
5124000025311711
5131000006682775
5131050008000893
5132000000108258
5133000055283697
5172000042588374
5222000012071839
5252000002164081
5253000021609905
5254000003792594
5272000007446197
5302000010326213
5343000001319535
5492000020354261
5493000001771079
5494000016752775
5495000040596698
5496000029173317
5514000014214325
5555500180409603
5555550337458272
5562000025171635
5563000029118874
5572000014437173
5596000028559004
5614000008069769
5643000007044964
5683000016008325
5711000083542761
5722000033089611
5731000005386685
5732000005386776
5733000027386647
5734000036001884
5738000001773371
5739000000077496
5741000000108112
5742000000087478
5743000024353615
5752000001967164
5753000002532492
5772000034681237
5781000003566005
5782000014419013
5784000025475734
5794000003773497
5842000004412093
5843000031848110
5893000002876780
5896000061790134
5962000008005467
5963000013356086
5969000002665307
5971000000943395
5972000001836777
5973000001124330
5974000003658251
5974000019010481
5974000108173906
5975000008000462
5975010000106241
5976000008000280
5977000008000257
5978000008007463
5979000019666309
5981000054841757
5982000027041845
5983000000076017
5984000008009038
5985000061789853
5986000052645531
5987000014255880
5988000014816183
5988010014816161
5989000003354378
5991000002279643
5992000012002276
5993000032289580
5994000065997059
5996000000151508
5997000017029220
5999910083871856
5999950089997477
6000000001746016
6000010130336402
6000030000145948
6000040000111944
6000050000051649
6000060000069090
6000070001066451
6000080000079061
6000110086362201
6000130053019537
6000140051200874
6000160000096457
6000170000075150
6000180000057147
6000190000071432
6000200000062737
6000210000087865
6000220000131522
6000230000534521
6000240000077838
6000250000050000
6000260030525894
6000270000070304
6000280001191806
6000290000079469
6000300000078875
6000310000062566
6000320034465468
6000330000075354
6000340055684941
6000350001011730
6000360032581069
6000370002882191
6000380002953299
6000390001878495
6000400019094758
6000410013333874
6000420013376788
6000430000090164
6000440024310416
6000450024310405
6000460071526073
6000490111246152
6000500120067836
6000510010605217
6000510017804352
6000510022769682
6000520000111364
6000530001792172
6000540000123546
6000570003397624
6000580001007289
6000620028789686
6000690000439145
6000700027220479
6000710000058140
6000720000865214
6000730031431397
6000740000288880
6000750024526645
6000770028711297
6000900000060402
6000910000051638
6000920000438415
6000930000060560
6000940000114498
6000950087394874
6000960087394874
6001190000408355
6001220000050066
6001660000095761
6002020195157665
6003280070124775
6003960000089656
6005000000127004
6005020000107073
6005030000106898
6005980002635101
6005990002179251
6006030000064313
6006450068515480
6007890000096491
6008030002163680
6010030003185997
6038010066344330
6039610178928706
6052030052845797
6052040077086216
6052050000826391
6054590878790591
6055500120068680
6057010000107448
6058010023576241
6063150000077714
6063160107484844
6063170019895444
6063180000103902
6063290057960313
6082100006526665
6082110151331816
6085020056750766
6088880000590181
6090010000625401
6090010000629401
6090020029560847
6091090000101860
6091660012229139
6092000066840719
6092010003984143
6098010020243816
6100240000075310
6100540039300884
6100540108727817
6100540160612908
6114720124423843
6117070314084612
6119010024155428
6119010064207336
6119010100220517
6126010004846202
6126020001127011
6126090143294897
6132020157874970
6135010007778441
6138030002163806
6139620120983644
6139710178928717
6140090037526593
6164000005437605
6173000129660964
6173010057637975
6186010006961826
6186020112566173
6193020743449072
6202010069243498
6203040000064108
6214020121098451
6217510000600157
6217550000625729
6217570000591811
6219030084352750
6220100095473306
6222000002122192
6222000002122205
6223050000381737
6230000143701751
6230010142994067
6230090223646240
6238020000076051
6248700000050180
6248710148476226
6248710148477718
6248750019719289
6248890148476306
6252040089402404
6252050114420563
6287120128621727
6288450059337949
6288680282720267
6288690207515502
6288710340168323
6288740519002096
6288760000124583
6288880001668548
6289230134887879
6289240081335786
6289240156605913
6289960030125656
6290070112006754
6290080036315012
6290090151331805
6290090151331805  
6290100117671019
6290110138724535
6290861035300367
6290920019932844
6290930113158400
6291080292085542
6291210205650697
6292080034486061
6300010006575242
6305010401622262
6344000000367511
6344000012773250
6344000028381988
6344010000814711
6344020005421465
6344020008046217
6344020034316717
6344020067124123
6344020860540223
6344030030618849
6350020032586826
6350030053102286
6350050023754872
6350050028523800
6350060020253729
6365010000321540
6379010006306601
6380090151734020
6380130176969349
6388310620633774
6411010031110620
6411020076960877
6414010065109695
6414020065109719
6414030065109708
6422010000584032
6422020000513859
6433010000088142
6466790153969110
6475010314020445
6515050000120832
6535020000311455
6555010071043657
6555020000612500
6555030016489900
6564010000099650
6577010001634782
6577020003344125
6578010002814202
6578020000962583
6591010005598152
6598000054965241
6601080131748599
6670010000592621
6677100082971902
6696010017254807
6752000061592458
6808030006190654
6812500000454922
6812510146653567
6812530000619658
6816020000085416
6831120002767546
6856510120118141
6880080001759531
6882120092238614
6900970736994642
6901040000360645
6901100000433976
6901120003288991
6901130400882000
6901140025753133
6902010025265752
6902020000111295
6902720025190061
6905020024544089
6951490033252630
6989020002527584
